################################################################################################
ANDHRA PRADESH
(80, 100)
KUCHINAPUDI
[95.8201910139621, 87.75549705791266, 94.43729223910996, 98.32099628300028, 83.99934368520756, 86.29375629733156, 85.94903395596637, 98.90992968488412, 94.84417399884877, 98.12906820957281, 97.01840420008077]
VEMSOOR
[95.77973629104632, 96.51549360877527, 95.5061459233921, 95.71710436794122]
MUDINEPALLI
[90.1593442018974, 98.66773074480041, 97.87943475115995, 80.66223817159145, 95.42103220799379, 99.33274021352312, 98.68139395496189, 94.54117442856987, 98.45500148887922, 94.76880898402489]
HASANPARTHY
[80.20158387329013, 84.05610070856365, 95.35540524504569]
TADIKONDA
[81.1331121919453, 89.7780869329171, 84.77172028510884, 83.87333276936525, 98.26431905494863, 98.5881256709948, 91.12242041273396, 93.81707819127037, 98.29080297668148, 85.5471581652061]
ALAMURU
[90.86335699596845, 98.2891812762355, 97.55833652112138, 98.94886498270225, 87.65941618251382, 92.5431621491016, 91.33670635420076]
CUMBUM
[82.12978323758861, 97.01237669173993, 96.31679413761738, 98.35708951589336, 96.27618220067686, 98.9934424269, 97.62945225980245]
SULURPET
[81.06020982678523, 96.63398257834568, 98.96441271478596, 99.49902071951345, 95.57665875296763, 98.14410797917212, 92.24629919047536]
(70, 80)
(60, 70)
################################################################################################
################################################################################################
ARUNACHAL PRADESH
(80, 100)
CHANGLANG
[88.88116747741486, 82.56148903168624, 97.7252995311686]
(70, 80)
(60, 70)
################################################################################################
################################################################################################
ASSAM
(80, 100)
DAINADUBI
[83.7205723957532, 89.56618655692729, 92.79038718291055, 93.87873935512046]
(70, 80)
(60, 70)
################################################################################################
################################################################################################
BIHAR
(80, 100)
MASHRAKH NORTH
[81.50809104948632, 82.18433743123005, 89.28616711043489]
(70, 80)
(60, 70)
GORAUL
[64.79901868277034, 64.31723887134899, 65.14465926230632]
################################################################################################
################################################################################################
CHHATTISGARH
(80, 100)
LAILUNGA
[81.27332461484482, 84.02609292744336, 88.73698978759504]
RAIGARH
[85.59465328207318, 88.95067714655798, 92.15239855977997]
KHARSIA
[93.7089853062286, 91.01356429870961, 94.90793333749454]
BILASPUR
[88.76702514424213, 95.58993933610525, 94.94527670982662]
BILHA
[84.5303867403315, 82.93352853009864, 88.19614196921027]
ABHANPUR
[88.45430189104593, 92.27444265265747, 87.62628692389109]
DHARSIWA
[80.69088985636978, 84.11794460336287, 93.56327356258785]
BHATAPARA
[80.43799056663559, 86.58080728757656, 87.2118315020598]
RAJIM
[81.22161315583398, 84.68658336151239, 88.33453859862084]
BINDRANAWAGARH
[85.29365509287574, 87.13835366212952, 88.23639727945589]
SARAIPALI
[80.71113011258373, 88.2134218416088, 90.97180664725698]
KURUD
[90.29559810501382, 90.5608583055864, 91.73119122773491]
DHAMTARI
[92.25377608503614, 90.58388776292138, 84.55525172912981]
KONDAGAON
[82.83166367479298, 81.65764712537477, 82.38362601043285]
JAGDALPUR
[84.6050857613662, 80.8805009445183, 86.9178440607012]
SAJA
[91.95389539508983, 90.7121751816169, 92.97801207914927]
DURG CITY
[87.72621778006776, 93.23402696621375, 80.6390814558059]
BHILAI NAGAR
[88.39769702543245, 94.56532354147542, 88.6064995532145]
DONGARGAON
[87.42254652711284, 92.98818778063256, 92.34336505482827]
DONGARGARH
[88.42284818588355, 88.44954461457233, 88.43891989248046]
KAWARDHA
[81.47458388067643, 83.47896100656034, 84.05276161269627]
(70, 80)
BAIKUNTHPUR
[77.31064863046849, 72.78286130846816, 77.86133227061259]
KASDOL
[72.6916995416141, 74.61662560643919, 73.95489709859902]
SIHAWA
[75.00449934167527, 79.70806511132068, 70.82803717199107]
(60, 70)
MANENDRAGARH
[67.03898709900822, 64.68915406909501, 67.3135447448507]
################################################################################################
################################################################################################
DELHI
(80, 100)
DEPUTY GANJ
[91.96579273095533, 98.40289420277067, 99.01632568712544, 97.51083135780266]
BARA KHAMBA
[98.4758339461194, 98.30208179536395, 93.6502592418019]
ASHOK NAGAR
[98.64233625701515, 96.12563430412929, 96.82246298444659]
GEETA COLONY
[97.82459746488523, 96.38001855041738, 88.91255444407219, 94.54948112085218, 95.84094068776068, 96.14814162151049]
VIJAY NAGAR
[97.54348534684564, 98.81190000950481, 96.80493273542601]
KAMLA NAGAR
[98.07338511856092, 98.58159392789373, 93.03203904095056, 91.3365048020824, 86.99887175629935, 97.23432979749276]
SHAKTI NAGAR
[98.46553706202829, 98.9811738648948, 96.12870593728114]
SARAI ROHILLA
[93.28458841509095, 88.94934813570462, 92.32806234395096]
ANAND PARBAT
[94.91561330414518, 91.2959846116855, 81.77096215681424]
HAUZ KHAS
[96.82422061080823, 92.7634363097757, 84.67382569946672, 93.48771875060967, 96.49063850216034]
KRISHNA NAGAR
[90.35956807302684, 85.94619420254014, 97.71011666124896, 95.41550642466534, 87.9486570002377, 80.30573720757769]
BALJIT NAGAR
[91.56240463838877, 88.84047868014406, 90.6158734823577]
(70, 80)
(60, 70)
BHALSWA JAHANGIRPUR
[60.40864176854798, 63.58524780504351, 67.86170267095653]
################################################################################################
################################################################################################
GOA
(80, 100)
(70, 80)
(60, 70)
################################################################################################
################################################################################################
GUJARAT
(80, 100)
BHUJ
[95.54854247986047, 85.16375622413915, 96.33126782728435, 96.73103977490727, 84.62544887676418, 95.72230704821948, 96.74214836828374, 93.26244178809795, 80.24600110314395, 93.0383442548498, 89.47850366278371]
SABARMATI
[94.73032180087625, 94.4913306488683, 92.97828600796608, 91.76324674429821, 81.79047198566808, 95.66524479452816, 98.23121229987754, 97.65219406191093, 96.0759039587526]
ELLIS BRIDGE
[96.43994211287989, 91.85373661099028, 84.00033758123048, 97.58911922781617, 91.57541700908425, 98.50633585978208, 91.26564945226917, 94.56185874219489, 95.45651233232367, 95.93069046993962, 96.50681924945901]
BORSAD
[81.20097376251015, 96.50871214556676, 95.85661658181216, 98.74936907632774, 97.7055708919763, 99.24087490034317, 98.46447381950712, 89.78236812984139, 81.87191070954026, 96.09790829129366, 93.72762312633833]
RAJKOT-I
[95.73435504469987, 99.002838634544, 99.1671500787271, 99.4163256515184, 98.3738804548053, 96.86620772223885, 81.18740942176484, 99.2094827586207, 92.91466099959034, 94.96515030593244]
RAJKOT-II
[97.91163717332708, 97.86542652552926, 98.45783876803601, 98.58625673367494, 97.65711412770236, 96.94412633355434, 85.9758854559156, 81.63003871555455, 95.11768351215719, 96.4752554687587]
SAYAJIGANJ
[88.91863546036653, 87.1652945408041, 95.09799893166783, 84.88907119417891, 89.90741035349518, 82.99108943566425, 93.38493436121753, 96.6138236454461, 97.32352782467257, 94.93961640408614]
KAMREJ
[90.36272008959124, 83.7598649696638, 96.81897734260441, 99.17899648563244, 96.51472935857139, 94.17080834047415, 90.75566179652564, 93.9382570925977]
(70, 80)
(60, 70)
################################################################################################
################################################################################################
HARYANA
(80, 100)
BABAIN
[93.3166736082188, 85.98014419991695, 84.70486392901584]
ADAMPUR
[86.17476125860877, 93.43725798795873, 98.1333835561973, 93.23011474035138, 96.29593810444874, 97.74874856117997, 88.25143699739225, 93.17788380341159, 88.80274290770338, 92.1632762792365, 85.83564296290672]
BADOPAL
[88.62726917821588, 98.14274492200651, 84.52186664774474]
(70, 80)
(60, 70)
################################################################################################
################################################################################################
HIMACHAL PRADESH
(80, 100)
MEWA
[87.7103338912871, 83.21895063094975, 96.6391615973017, 94.81811044229259, 98.27470752747469, 93.72833280806807, 97.97508690614136, 92.55401959468527, 95.5185521143795, 81.79247288964491]
JASWAN
[88.9607032057911, 80.56587091069851, 89.98032697917373, 94.16758766201146, 98.66003787878788, 97.46575872475431, 89.23021582733813, 80.46958735262594, 88.5774853398673, 92.37257059039237]
JUBBAL-KOTKHAI
[91.60032493907391, 99.06707216833799, 95.12917901414917, 98.97606553180597, 84.53101721241323, 86.05445154512825, 91.48208711163967, 98.8213399503722, 97.40416123810652]
(70, 80)
(60, 70)
################################################################################################
################################################################################################
JAMMU & KASHMIR
(80, 100)
HAZARATBAL
[95.01931799092894, 98.548743295825, 87.20813316947827, 86.84075616789491]
KHANYAR
[88.90958347443278, 96.10004239084358, 98.00392670157068, 83.62696734789759]
NAGIN
[98.78368180405735, 97.23659889094269, 91.05315398569326]
CHARI SHARIF
[95.1708006432435, 95.71654165021714, 92.92372881355932]
SURAN
[94.52790183606261, 90.12383584075326, 99.25696110126187]
SURANKOTE
[97.49369716743288, 85.74607566007096, 85.20919547464321]
(70, 80)
(60, 70)
################################################################################################
################################################################################################
JHARKHAND
(80, 100)
(70, 80)
(60, 70)
################################################################################################
################################################################################################
KARNATAKA
(80, 100)
KALGI
[91.0065432270639, 82.03329912190672, 95.99482009064842, 92.95456876217824]
(70, 80)
(60, 70)
################################################################################################
################################################################################################
KERALA
(80, 100)
VILAPPIL
[84.92030310948525, 83.8430583501006, 98.01975999660772, 93.82874923171481]
KOTTARAKARA
[84.11622600993155, 93.25731370265432, 80.70890516974512, 82.39330976808345, 92.99693577444836, 99.40538937936488, 92.15599277867874, 98.9218368705169, 83.79391539660041, 96.44737842151551, 97.61528776594609, 94.66889838008387, 94.14923426498609]
PUNALUR
[97.0224763510843, 97.55794457047045, 95.53153964501482]
PALLURUTHY
[95.62045399608851, 99.15007124159183, 83.04671228800952, 95.35187574515344, 93.0929203539823, 96.77385851714334, 96.88051032050618, 92.521227325357, 97.48676675705413, 91.91799464418983, 98.11523577468826, 94.72563472563472]
KUNNAMKULAM
[93.5245230012876, 99.56869122534115, 91.47286821705426, 97.24609192174482, 92.49925789366789, 97.48645169017036, 83.60132957632409, 98.11365278822471, 92.4472885916112, 94.79573321603343, 91.59299087764037, 93.71167018235424, 87.9063550918341, 88.32302960165673]
GURUVAYUR
[83.11481601381246, 96.62662435781203, 84.15349792513727, 92.68919009445548]
TALIPARAMBA
[93.6222242200845, 96.215200071614, 86.63935343139997, 97.7094169917642, 97.8014698530147, 97.20189461219657, 95.74370107229787, 96.19415596264767, 95.97547042227248, 95.37707037913388, 94.48595348064232, 92.96080020503868]
CALICUT I
[94.83402787756862, 96.69191677054367, 87.69488606660721]
TRITHALA
[98.27333995089076, 94.88276065477068, 94.99736703528173]
KOLLENGODE
[86.84216870374388, 89.65580613825513, 85.50190691302255, 91.56565815571577, 97.35865651540556, 98.77479266754341, 93.74092113133385, 95.62680115273776, 94.84555450087011, 93.98864649639354, 92.9970378114654]
CHELAKARA
[87.67332400457957, 96.18808927079604, 93.65825242718446, 97.93292379213017, 99.0570196152514, 98.84362680683311, 91.29173869529616, 95.85553208705065, 91.39751882090977, 95.82398114943716, 94.65295937377157]
NARAKAL
[83.14263011521653, 96.47327876745305, 93.97286854691835, 95.81049459883964, 98.9058272094158, 98.3798763589853, 95.86246338075841, 96.62525647438318, 92.27766056941515, 94.15149560990127, 94.1437094682231]
THRIPPUNITHURA
[89.94223910683827, 95.14402265885245, 96.8408262454435, 99.22524141028521, 98.83500095596202, 96.14640981283904, 92.22416003338998]
KUNNATHUNAD
[90.02588795692243, 95.43227805208636, 92.88936805440372, 92.1042865095565, 98.278129533468, 95.57887832076091, 95.44650841395008, 93.04226528418228, 90.11028616737548, 94.64569611628436, 95.80562919797057, 92.61088363079423]
AKALAKUNNAM
[83.9295932614617, 81.02299952084331, 87.47560034499978]
ARIYANAD
[81.64406469650649, 86.33303281990294, 99.15354604988157, 98.73596204568452, 89.55382480529059, 94.92924133777922, 89.62116142056239, 98.03340380977431, 94.27480058420402]
AZHICODE
[98.47125290794284, 99.27444449656768, 99.31989884869714, 95.60896425276484, 97.29240955115303, 95.07476092354837, 96.38430619153759, 94.45378481746944]
THIRUVAMBADI
[99.2016495717458, 99.20426008290218, 97.88129929153855, 92.44072208703525, 94.72252826330782, 91.6167901234568, 92.07714018577258, 94.87694258404318]
WANDOOR
[99.49773113027815, 94.51121207679907, 93.31070903580567, 90.19296659870093, 95.27089693550256, 93.72153545868575, 96.40173663898959, 96.88781710466353, 95.19719478169067]
MANNARKKAD
[97.8670215635847, 96.87911943052993, 95.697564521992, 95.31484296104374, 96.28732021513595, 94.56137749361059, 94.1723451018443, 94.15937590618789]
CHERPU
[98.5252643022578, 98.80332040717403, 98.94122967051815, 92.84319132313065, 95.65268800252247, 93.00896185264493, 94.4007348165742, 93.98764781921768]
GURUVAYOOR
[97.17106444085442, 98.96141180444144, 85.59754345995741, 85.78963660001239, 88.22509605472777, 85.37774077157924, 91.13372925697482, 89.0959552033148, 89.27936636627273]
KODUNGALLUR
[86.27586418616075, 99.68618335028332, 99.11845808746838, 92.83907935593328, 91.98561151079136, 88.3949064926252, 91.47494646680943, 90.35962210971346, 92.88655468713583]
TRIPPUNITHURA
[95.2534762456547, 91.69123380946041, 94.2135753727597, 96.09348771759394]
PUTHUPPALLY
[96.51836084607255, 97.47439121634055, 93.77356413572943, 92.14776543528804, 93.20343329768811, 93.24902132188059, 94.35770081726645, 95.3684831348604, 91.0744649036613]
NEDUVATHUR
[95.15226743296323, 98.43460826650215, 98.85345539131087, 95.23261942408126, 97.06185293336873, 93.52884251272772, 96.97436867492671, 95.99202856767118]
CHAVARA
[89.80382459610946, 95.91913520397088, 98.60936049974376, 95.04315795260871, 97.45284891800675, 95.60386705786158, 96.3271913451927, 96.17093676751405, 97.54068687631819]
CHATHANOOR
[95.21827838590582, 92.39280978340946, 98.80281889451787, 94.47719613101138, 96.87367737930646, 91.67096146137548, 94.55295932103664, 91.43507667581866]
TRIVANDRUM NORTH
[95.33529139990759, 97.46072467965959, 96.19342733682056, 85.71737495298984, 92.1176840780365, 93.48197086952113, 93.00127080556675, 93.03378349951618]
SHERTHALAI
[97.33203188547259, 99.35014763100527, 95.468223870412, 97.0947835309999, 96.69122386960125, 97.61648496632178, 95.20093423296507]
(70, 80)
(60, 70)
################################################################################################
################################################################################################
MADHYA PRADESH
(80, 100)
BARNAGAR
[93.33422567260072, 92.94514889184238, 95.90951974482232, 90.80913137367239]
JAORA
[90.20387588215526, 93.73641304347827, 92.415447026918, 93.3655983216667, 89.18214798763118, 95.76817721027544, 96.75244899938573, 93.50956457408581, 97.13957064215876, 98.16473287157542, 88.37890964756636, 93.52714535901926, 94.3578833066074]
KUKSHI
[84.93244633427062, 89.21051137976048, 96.41111886780479, 85.0699937319046, 97.28031418753068, 93.61557551406287, 94.56212620003792, 95.0578195703279, 96.27759998928805, 95.50669123819264, 86.25687931168127, 92.7671814539602]
MHOW
[87.60846928149948, 81.38711054204012, 81.88474732624175, 88.80863642205372, 97.53501268916251, 92.67408018765475, 80.34650443129907, 94.54725222832182, 97.49494648858465, 99.80907285779746, 94.97829135201798]
CHHAPARA
[82.3220913345167, 84.96371716262587, 90.68546288849993]
BAGLI
[92.22365262169026, 95.23564783882408, 97.49077490774908, 97.75907523828839, 90.92787990862612, 95.87265257114984, 96.73571107570372, 98.06231461161887, 98.82205513784461, 89.64009326547091, 95.1512418790446]
SUWASRA
[96.08174835405998, 87.67678026291196, 91.06286743172008]
NARYAOLI
[86.4814053228365, 86.98664181422802, 82.25535596152868, 84.56927175843695, 92.08120527065755, 87.60967755141029, 86.8764772826753]
KHARSIA
[88.94909524756413, 96.30569726822648, 84.00426924058563, 95.48140867722707, 95.85458802728564, 94.88337336535896]
KHERTHA
[84.28073796929428, 92.8393267950115, 94.13335541432919, 84.63679252303066, 89.22772118177802, 88.60508189378623]
SEONI-MALWA
[92.54090471607314, 95.22393169708772, 91.5342153684395, 83.17447747263626, 96.69960934151389, 94.70771238479195, 82.44776279264886, 82.91416209789287]
GHATIYA
[95.68355538727312, 92.78483738961879, 95.72494087684191, 95.58496250898757, 96.36288571923237, 98.16149416560569, 85.77796665340519, 80.93610956300878, 93.27871307249663]
INDORE-I
[97.48069700716135, 88.02208724461623, 95.72359997636259, 94.70794905577515, 97.44090560648542, 99.07824222936763, 97.8387387633542]
INDORE-IV
[92.7912788693554, 92.44996146876888, 95.3740359019862, 88.22494735538213, 97.70791550543068, 97.83356729551134, 96.88749532548975]
NEPANAGAR
[99.16794328797572, 90.30758226037196, 96.03693003391534, 92.42269400672512, 97.17025795019546, 95.64352953906081, 85.99675107882122, 85.4892066162041, 90.47104118639638]
KASRAWAD
[96.3628406237763, 91.66029399269266, 96.07287810534767, 80.23487818538224, 97.47161671207992, 99.43750540860185, 92.64647318417138, 90.22085961126709, 92.99064831619278]
RATLAM TOWN
[97.68976154556303, 94.6044810242341, 98.45772145108295, 98.11830574488802, 97.80272862225783, 98.27416466011127, 89.45306542626201]
RATLAM RURAL
[89.6436934014162, 80.51616291839755, 96.63678529087544, 95.15462893313841, 98.06207251599618, 96.97111182942452, 91.37449070944402, 89.25797974429386, 92.37381880228178]
(70, 80)
DANTEWADA
[77.97751526565085, 75.9324443241048, 73.11109956350032]
(60, 70)
################################################################################################
################################################################################################
MAHARASHTRA
(80, 100)
SHUKRAWAR PETH
[90.21562322678267, 83.33669780330698, 98.37534946784896]
SIRUR
[88.87598786471403, 85.44834005584859, 84.35506514617866]
JATH
[90.72247275460353, 95.32349908084115, 95.86088216647043]
SATARA
[92.52695404651888, 91.73627628199029, 91.05904812941688, 90.50771448401046, 88.62294448736343, 98.63271775549113, 97.53166891086391, 84.98544128984933, 93.82713006326514, 98.22812987744032, 90.77228691054674]
SHIRPUR
[88.58122035413614, 95.90714115497657, 95.93642356314804, 92.72005853219271, 83.37350674118613, 99.21959570022405, 85.35670074956381, 88.93497518950349, 89.74348723033376, 94.09079413252402, 92.60449541990609]
YEOTMAL
[85.12460881284693, 90.82640766329561, 96.63276098046535]
KALLAM
[91.29430665729491, 95.09529966217625, 97.79344901178435]
GEORAI
[95.7905314872711, 97.43936612233067, 93.65804389773275, 96.13063100478999, 97.20102696995873, 89.13356927513436, 90.54571163448367, 95.7663541641562, 91.14624805672467, 91.42897778104025]
MALSHIRAS
[98.86104783599089, 98.93830481566414, 98.8588051018125, 98.67031229712907, 97.1834454511283, 94.23960852532282, 84.60686249683465, 85.51831375259157]
(70, 80)
(60, 70)
################################################################################################
################################################################################################
MANIPUR
(80, 100)
(70, 80)
(60, 70)
################################################################################################
################################################################################################
MEGHALAYA
(80, 100)
(70, 80)
(60, 70)
################################################################################################
################################################################################################
MIZORAM
(80, 100)
LUNGLEI
[82.52781641168289, 92.0833962834265, 83.16553500351206]
(70, 80)
(60, 70)
################################################################################################
################################################################################################
NAGALAND
(80, 100)
(70, 80)
(60, 70)
################################################################################################
################################################################################################
ORISSA
(80, 100)
TUSRA
[97.00328186366815, 94.73032855603019, 82.33065616002425]
(70, 80)
(60, 70)
################################################################################################
################################################################################################
PONDICHERRY
(80, 100)
(70, 80)
(60, 70)
################################################################################################
################################################################################################
PUNJAB
(80, 100)
SAMBHALKA
[81.6208319450496, 84.36606910885945, 97.51261224410293]
PANIPAT
[83.74182175666972, 86.82918140410698, 83.93925253467951]
GHARAUNDA
[82.38233045757343, 96.6160557963319, 93.79636647603297]
JAITU
[82.66863484197485, 93.89326220371696, 83.46533403092245]
JULLUNDUR NORTH
[93.65831459471036, 98.0146116988472, 96.39267767408471, 95.88150578069369, 98.49368318756075, 81.87216969889569, 94.15472302539887, 88.87925663045539, 94.52234206471495, 95.17864829961256]
KAHNUWAN
[97.47630543633763, 97.48907660937955, 89.0155603525814, 85.99969956436834, 98.07941895871811, 96.574835960701, 97.83338948959067]
ATTARI
[90.7060972537163, 93.08480655905713, 81.97897099363274, 94.47619047619048, 91.45996723735522, 90.99552653155162, 91.45159977204266, 95.46110023144027]
JULLUNDUR CENTRAL
[96.32650199799032, 83.60545645330535, 85.85463360694085, 97.0245358951058, 93.91691185786888, 82.9511828467442, 84.03948350583228]
BHOLATH
[97.3338452350482, 94.87249580192916, 95.91138498761886, 80.3016453382084, 98.5651172450251, 95.7460015584347, 97.29669472158743, 95.42618894133793]
FIROZEPUR CANTONMENT
[98.04402057531404, 98.78179988199771, 94.42137320044297, 83.00038789759505, 86.20800884751854, 97.15684707923391, 95.98664105887585]
(70, 80)
(60, 70)
################################################################################################
################################################################################################
RAJASTHAN
(80, 100)
UDAIPUR
[96.06382083017597, 89.2847400294615, 98.55010530814077, 97.27870619946091, 94.71539618856569, 96.36233125709126, 97.16582560732309, 97.25954342926939, 95.68829680561524, 96.34234210629741, 93.6859870395898, 95.89365499702524, 95.89347063625192, 94.77832229960164]
AJMER WEST
[91.4073579711354, 95.39082528773251, 93.0202547270381, 96.3884834147078, 97.95287755890305, 91.1894841635633, 94.97983906159996, 93.20428731402976, 86.6948113849925]
RAMGANJ MANDI
[82.06593949881037, 84.91111922014284, 92.92672150806843, 91.46657164880234]
SARDARPURA
[93.4435049961568, 91.06615003595111, 95.70375921069065, 91.45461606066179, 93.8726796597993, 85.97588910559315, 94.8305869283466, 94.25668602408842, 95.0583284039448, 95.52006388500699, 96.86921892872778]
JOHRIBAZAR
[80.45879936087651, 88.57879965834016, 80.71595610721353, 93.77581774238587, 93.86822293920414, 95.55168934200911, 92.44305845158354]
SURSAGAR
[95.2636402846668, 95.72811112376182, 97.07457394073163, 97.76041567898659, 96.20934303879112, 98.17521442324522, 92.99726290741359]
(70, 80)
(60, 70)
################################################################################################
################################################################################################
SIKKIM
(80, 100)
CHAKUNG
[81.13747954173486, 94.67647058823529, 95.3152364273205, 90.63326865408361, 97.19383617193836, 97.25274725274726]
SOREONG
[84.63012648524338, 97.66494705403204, 99.3006993006993, 97.29091195463853, 98.65974924340684, 97.12192569335426]
DARAMDIN
[80.77962176765728, 95.1270553064275, 97.8563995837669, 95.17151682653228, 99.24745462594068, 98.32013111171811, 88.11870694223636]
RATEYPANI - WEST PENDAM
[85.93309149536478, 85.28987597346409, 88.54489164086688, 91.31712094010119, 99.07649896623019, 98.35710646968924]
(70, 80)
(60, 70)
################################################################################################
################################################################################################
TAMIL NADU
(80, 100)
AMBUR
[93.75178571428572, 91.10340553126622, 84.31049442577051]
UTHANGARAI
[94.97515355412204, 95.8497961247906, 92.31571604592186]
VIRALIMALAI
[92.82226082396512, 99.0791264070811, 83.50915071510339]
GANDHARVAKOTTAI
[98.9271331965656, 96.29294631967, 93.60685073663394]
(70, 80)
(60, 70)
################################################################################################
################################################################################################
TRIPURA
(80, 100)
BELONIA
[98.30188679245283, 83.15869897402314, 82.38749046529367, 98.83195177091183, 99.27856525936087, 97.34752421735334, 96.60874321538267, 95.44408651633685, 96.77042186759361, 98.17405866781912]
PRATAPGARH
[94.5945945945946, 87.20048899755501, 98.55112333791838, 99.1061149861177, 96.1778533294377, 93.35373743405991, 95.63263957713907, 95.7598297900856, 98.1871946515814]
BOXANAGAR
[84.97978047371461, 83.9817138759412, 99.70097002406827, 99.76119402985074, 91.55530714902697, 98.05093922131726, 97.50758383208986, 96.6154067260707, 98.56871713494509]
HRISHYAMUKH
[95.37876244824885, 94.63808958765945, 98.94656756598583, 99.71534301167094, 99.36236715982496, 97.2325639116406, 96.2909548110347, 96.51776400564522, 98.32845035052841]
CHANDIPUR
[93.8717067583047, 87.2033601680084, 99.23452474233018, 98.27113641155387, 93.80857842005634, 93.15713092044506, 96.59931588576883, 93.49313968060152, 95.64189565023918]
AGARTALA
[81.10713829651385, 98.76227897838899, 99.12437733499377, 94.54911406605734, 91.72653110921709, 97.17998263743034, 97.22443848069437, 98.05809206955948]
RAMNAGAR
[82.6404579002862, 99.15189873417721, 99.40739301500948, 95.46459715442066, 92.77875680871516, 97.60842673464033, 96.95890583637969, 98.21039442144259]
BANAMALIPUR
[81.1309922495455, 97.47847946979508, 99.30343076622616, 92.13360834192736, 91.13007778738115, 96.43551523007129, 96.92409825182563, 97.60160089461758]
BADHARGHAT
[87.58821087588211, 99.23300581511931, 99.12473435867881, 96.59306492411467, 94.56916935750425, 96.37601296596434, 96.25556044385785, 97.26896719516645]
KAILASAHAR
[83.03316824253339, 97.70194113963682, 97.81899823595445, 96.02265522634093, 94.15808925803759, 97.8718103847112, 96.98558706351066]
PRAMODENAGAR
[90.11673588506005, 96.57316367842684, 98.90504555010511, 88.21067952333304, 90.61891365505302]
(70, 80)
(60, 70)
################################################################################################
################################################################################################
UTTAR PRADESH
(80, 100)
CHAPRAULI
[95.46811241042205, 97.05789546756868, 95.91422200950235, 98.63613750257848, 93.66415595923793, 81.25619664447677, 96.11486486486487, 89.43069901513331, 89.6043782755902, 85.73299270542113, 82.44371696346343, 83.0134727570625, 80.54822572221764]
(70, 80)
(60, 70)
################################################################################################
################################################################################################
UTTARAKHAND
(80, 100)
KAPKOT
[87.06135349125151, 89.50923740538781, 84.33178826003973]
(70, 80)
PUROLA
[72.40527437235586, 73.10207221501034, 71.07811916631893]
(60, 70)
MANGLAUR
[67.42684538417973, 68.91497718477446, 67.10194636141989]
SITARGANJ
[61.69379468937516, 68.13827417198871, 62.28717058887322]
################################################################################################
################################################################################################
WEST BENGAL
(80, 100)
ALIPUR DUARS
[93.58527349754434, 83.38649412193566, 93.20203878517357]
RANINAGAR
[87.5250308891824, 83.2321789836963, 88.46439279247187, 92.23739553509837]
HOWRAH EAST
[95.39594843462247, 91.89316251873181, 94.97986751526172]
BURDWAN
[93.11726471373876, 96.05324980422866, 98.49521470479309]
NAIHATI
[87.28084303529519, 92.91772558865856, 97.84396959013839, 86.44568774411485, 98.77704888836118, 92.5894477952802, 99.43820224719101, 86.55119530897609, 98.43199636404954, 99.4408929054828, 83.47654626470388, 93.11180911445418, 93.32222091102194, 90.09588241409368, 93.89607822265476]
BISHNUPUR WEST
[96.21315385926053, 99.13739347329039, 95.45819654955648, 93.31993795826283, 97.51402675873975, 81.17787721236934, 98.058645378292, 98.28174859973669, 93.33398237842574, 92.87767669013279, 92.80640071759797, 85.63021231654466]
AMTA
[89.45785102347786, 97.96964056113147, 97.21719369872511, 84.50052827781433, 97.30945979444348, 87.53262158956109, 97.74437098526198, 98.35985445065985, 95.35329455516354, 98.14164862930419, 95.94594594594594, 94.4209197532837, 95.58052566383111]
NABAGRAM
[95.28535980148884, 97.25504052293356, 84.33044870191586, 95.43960558751027, 83.15378015063399, 98.10078055279729, 96.79030940738463, 90.22154180277528, 96.90837753396788, 93.14979683836778, 88.91479455325604, 93.25177044569182]
JADAVPUR
[94.3724904145156, 97.92864365159613, 86.53302919983685, 83.6105116160975, 98.30244833200254, 98.7795465918054, 85.1590719412452, 92.62433569870673, 94.66101568742276, 94.64273736860764, 96.84442914143358]
SITALKUCHI
[80.3901974779919, 99.43224264156582, 99.47968008455199, 88.1403727260597, 90.51811350771108, 80.18274392776384, 92.23523958026044, 88.29582195107938]
ARAIDANGA
[90.3456289556962, 97.5725683245629, 94.05118362124121, 91.76802917553808, 94.43742787828126, 94.66156475221041, 95.32180942696998]
AURANGABAD
[80.78288942695723, 92.15287139390671, 90.45144488645187, 81.472370906801, 89.32709357212835, 85.23222238535702, 90.26539686223879]
KRISHNAGANJ
[83.06823316764573, 95.78852078041399, 92.58388758313747, 87.97006348405134, 92.9545873286711, 89.189688315831, 89.91716320302282, 93.02498986897204]
CANNING EAST
[87.57186661556152, 98.6399988388464, 99.4738708914637, 93.45327235196504, 95.25923644793458, 92.6957161431602, 90.25954471835857]
JAGATDAL
[87.90899589999196, 94.7923541991182, 98.66054021014027, 83.40044235240742, 91.04205732654701, 94.11642535010681, 87.62106159731553, 93.08011707848343]
BANSBERIA
[82.30367957148282, 94.90404167014846, 97.37687999225965, 93.14973110152177, 95.94735100902689, 95.26130815256276, 83.10235456546886]
BALRAMPUR
[80.02846975088967, 98.0461837486583, 95.68753171842701, 86.74404398289553, 84.65448107066604, 86.98567406519601, 85.8680957429219]
DURGAPUR-I
[80.75118376791721, 92.47926241839536, 95.82518158717309, 84.98270657150283, 88.90830529546264, 92.5669454461751, 80.1632747813975]
DURGAPUR-II
[87.359177954227, 96.58488652875197, 97.44894136062011, 85.01631355057201, 86.95957970566609, 93.96209900238331, 91.8221586483587]
(70, 80)
(60, 70)
################################################################################################
